# Created by Octave 4.2.2, Sun Feb 16 10:31:49 2020 IST <badasteriod@LAZARUS>
# name: v
# type: matrix
# rows: 5
# columns: 1
 0.501966422907119
 0.2509402397193679
 0.9309000056144637
 0.5852271787033407
 0.257608349594658


